0 0 0 0 0 0 0 0 0 0 0 0 0 0 0 0 0 0 0 0 0 0 0 0 0 0 0 0 0 0 0 0 0 0 0 0 0 0 0 0 0 0 0 0 0 0 0 0 0 0 
0 0 0 0 0 0 0 0 0 0 0 0 0 0 0 0 0 0 0 0 0 0 0 0 0 0 0 0 0 0 10 11 11 11 11 11 11 11 11 11 11 11 11 11 11 11 11 11 11 12 
0 0 0 0 0 0 0 0 0 0 0 0 0 0 0 0 0 0 0 0 0 0 0 0 0 0 0 0 0 0 9 8 8 8 8 8 8 8 8 8 8 8 8 8 8 8 8 8 8 7 
0 0 0 0 0 0 0 0 0 0 0 0 0 0 0 0 0 0 0 0 0 0 0 0 0 0 0 0 0 0 9 3 3 3 3 3 3 3 3 3 3 3 3 3 3 3 3 3 3 7 
0 0 0 0 0 0 0 0 0 0 0 0 0 0 0 0 0 0 0 0 0 0 0 0 0 0 0 0 0 0 9 3 3 3 3 3 3 3 3 3 3 3 3 3 3 3 3 3 3 7 
0 0 0 0 0 0 0 0 0 0 0 0 0 0 0 0 0 0 0 0 0 0 0 0 0 0 0 0 0 0 9 3 3 3 3 3 3 3 3 3 3 3 3 3 3 3 3 3 3 7 
0 0 0 0 0 0 0 0 0 0 0 0 0 0 0 0 0 0 0 0 0 0 0 0 0 0 0 0 0 0 9 3 3 3 3 3 3 3 3 3 3 3 3 3 3 3 3 3 3 7 
0 0 0 0 0 0 0 0 0 0 0 0 0 0 0 0 0 0 0 0 0 0 0 0 0 0 0 0 0 0 9 3 3 3 3 3 3 3 3 3 3 3 3 3 3 3 3 3 3 7 
0 0 0 0 0 0 0 0 0 0 0 0 0 0 0 0 0 0 0 0 0 0 0 0 0 0 0 0 0 0 9 3 3 3 3 3 3 3 3 3 3 3 3 3 3 3 3 3 3 7 
0 0 0 0 0 0 0 0 0 0 0 0 0 0 0 0 0 0 0 0 0 0 0 0 0 0 0 0 0 0 9 3 3 3 3 3 3 3 3 3 3 3 3 3 3 3 3 3 3 7 
0 0 0 0 0 0 0 0 0 0 0 0 0 0 0 0 0 0 0 0 0 0 0 0 0 0 0 0 0 0 9 3 3 3 3 3 3 3 3 3 3 3 3 3 3 3 3 3 3 7 
0 0 0 0 0 0 0 0 0 0 0 0 0 0 0 0 0 0 0 0 0 0 0 0 0 0 0 0 0 0 9 3 3 3 3 3 3 3 3 3 3 3 3 3 3 3 3 3 3 7 
0 0 0 0 0 0 0 0 0 0 0 0 0 0 0 0 0 0 0 0 0 0 0 0 0 0 0 0 0 0 6 4 4 4 27 3 3 3 3 3 3 3 3 3 3 3 3 3 3 7 
0 0 0 0 0 0 0 0 0 0 0 0 0 0 0 0 0 0 0 0 0 0 0 0 0 0 0 0 0 0 0 0 0 0 9 3 3 3 3 3 3 3 3 3 3 3 3 3 3 7 
0 0 0 0 0 0 0 0 0 0 0 0 0 0 0 0 0 0 0 0 0 0 0 0 0 0 0 0 0 0 0 0 0 0 9 3 3 3 3 3 3 3 3 3 3 3 3 3 3 7 
0 0 0 0 0 0 0 0 0 0 0 0 0 0 0 0 0 0 0 0 0 0 0 0 0 0 0 0 0 0 0 0 0 0 9 3 3 3 3 3 3 3 3 3 3 3 3 3 3 7 
0 0 0 0 0 0 0 0 0 0 0 0 0 0 0 0 0 0 0 0 0 0 0 0 0 0 0 0 0 0 0 0 0 0 6 4 4 4 4 27 24 25 26 4 4 4 4 4 4 5 
0 0 0 0 0 10 11 11 11 11 11 11 11 11 11 11 11 11 11 11 11 11 11 11 11 11 11 12 0 0 0 0 0 0 0 0 0 0 0 9 24 25 7 0 0 0 0 0 0 0 
0 0 0 0 0 9 8 8 8 8 8 8 8 8 8 8 8 8 8 8 8 8 8 8 8 8 8 7 0 0 0 0 0 0 0 0 0 0 0 9 24 25 7 0 0 0 0 0 0 0 
0 0 0 0 0 9 3 3 3 3 3 3 3 3 3 3 3 3 3 3 3 3 3 3 3 3 3 21 11 11 12 0 0 0 0 0 0 0 0 9 24 25 7 0 0 0 0 0 0 0 
11 11 11 11 11 23 3 3 3 3 3 3 3 3 3 3 3 3 3 3 3 3 3 3 3 3 3 8 8 8 21 11 11 11 12 0 0 0 0 9 24 25 7 0 0 0 0 0 0 0 
8 8 8 8 8 8 3 3 3 3 3 3 3 3 3 3 3 3 3 3 3 3 3 3 3 3 3 3 3 3 8 8 8 8 21 11 11 11 11 23 24 25 21 11 11 11 11 11 11 11 
3 3 3 3 3 3 3 3 3 3 3 3 3 3 3 3 3 3 3 3 3 3 3 3 3 3 3 3 3 3 3 3 3 3 8 8 8 8 8 8 24 25 8 8 8 8 8 8 8 8 
3 3 3 3 3 3 3 3 3 3 3 3 3 3 3 3 3 3 3 3 3 3 3 3 3 3 3 3 3 3 3 3 3 3 3 3 3 3 3 3 24 25 3 3 3 3 3 3 3 3 
1 1 1 1 1 1 1 1 1 1 1 1 1 1 1 1 1 1 1 1 1 1 1 1 1 1 1 1 1 1 1 1 1 20 20 1 1 1 1 1 20 20 1 1 1 1 1 1 1 1 
20 20 20 20 20 20 20 20 20 20 20 20 20 20 20 20 20 20 20 20 20 20 20 20 20 20 20 20 20 20 20 20 20 20 20 20 20 20 20 20 20 20 20 20 20 20 20 20 20 20 
20 20 20 20 20 20 20 20 20 20 20 20 20 20 20 20 20 20 20 20 20 20 20 20 20 20 20 20 20 20 20 20 20 20 20 20 20 20 20 20 20 20 20 20 20 20 20 20 20 20 
2 2 2 2 2 2 2 2 2 2 2 2 2 2 2 2 2 2 2 2 2 2 2 2 2 2 2 2 2 2 2 2 2 2 2 2 2 2 2 2 20 20 2 2 2 2 2 2 2 2 
3 3 3 3 3 3 3 3 3 3 3 3 3 3 3 3 3 3 3 3 3 3 3 3 3 3 3 3 3 3 3 3 3 3 3 3 3 3 3 3 24 25 3 3 3 3 3 3 3 3 
3 3 3 3 3 3 3 3 3 3 3 3 3 3 3 3 3 3 3 3 3 3 3 3 3 3 3 3 3 3 3 3 3 3 3 3 3 3 3 3 24 25 3 3 3 3 3 3 3 3 
22 22 22 22 22 22 22 22 22 22 22 22 22 22 22 22 22 27 3 3 3 3 3 3 3 3 3 3 3 3 3 3 3 3 29 22 22 22 22 22 20 20 22 22 22 22 22 26 4 4 
8 8 8 8 8 8 8 8 8 8 8 8 8 8 8 8 8 6 27 3 3 3 3 3 3 3 3 3 3 3 29 22 22 22 31 3 3 3 3 3 24 25 3 3 3 3 3 7 0 0 
0 0 0 0 0 0 0 0 0 0 0 0 0 0 0 0 0 0 9 3 3 3 3 3 3 3 3 3 3 3 7 3 3 3 3 3 3 3 3 3 24 25 3 3 3 3 3 7 0 0 
11 11 11 11 11 11 11 11 11 11 11 11 11 11 12 0 0 0 9 3 3 3 3 3 3 3 3 3 3 3 7 3 3 3 3 3 3 3 3 3 24 25 3 3 3 3 3 7 0 0 
3 3 3 3 3 3 3 3 3 3 3 3 3 3 7 0 0 0 9 3 3 3 3 3 3 3 3 3 3 3 7 3 3 3 3 3 24 1 1 1 20 25 3 3 3 3 3 7 0 0 
3 3 10 11 11 11 11 11 11 11 12 3 3 3 7 0 0 0 9 22 22 22 7 3 3 3 9 22 22 22 5 3 3 3 3 3 24 20 20 20 20 25 3 3 3 3 3 7 0 0 
3 3 9 8 8 8 8 8 8 8 7 3 3 3 21 11 11 11 23 8 8 8 7 3 3 3 9 8 8 8 0 3 3 3 3 3 24 25 3 3 3 3 3 3 3 3 3 7 0 0 
3 3 9 20 20 20 20 20 20 20 7 3 3 3 3 3 3 3 3 3 3 3 24 20 20 20 25 3 3 3 3 3 3 3 3 3 24 25 3 3 3 3 3 3 3 3 3 7 0 0 
3 3 9 20 20 20 20 20 20 20 7 3 3 3 3 3 3 3 3 3 3 3 24 20 20 20 25 3 3 3 3 3 3 3 3 3 24 25 3 3 3 3 3 3 3 3 3 7 0 0 
3 3 9 20 20 20 20 20 20 20 7 3 3 3 3 3 3 3 3 3 3 3 24 20 20 20 25 3 3 3 3 3 3 3 3 3 24 25 3 3 3 3 3 3 3 3 3 7 0 0 
3 3 9 20 20 20 20 20 20 20 7 3 3 3 3 3 3 3 3 3 3 3 24 20 20 20 25 3 3 3 3 3 3 3 3 3 24 25 3 3 3 3 3 3 3 3 3 7 0 0 
3 3 9 20 20 20 20 20 20 20 21 3 3 3 3 3 3 3 3 3 3 3 24 20 20 20 25 3 3 3 3 3 3 3 3 3 24 25 3 3 3 3 3 3 3 3 3 7 0 0 
3 3 9 20 20 20 20 20 20 20 20 1 1 1 1 1 1 1 1 1 1 1 20 20 20 20 20 1 1 1 1 1 1 1 1 1 20 25 3 3 3 3 3 3 3 3 3 7 0 0 
3 3 9 20 20 20 20 20 20 20 20 2 2 2 2 2 2 2 2 2 2 2 2 20 20 20 20 2 2 2 2 2 2 2 2 2 2 2 3 3 3 3 3 3 3 3 3 7 0 0 
3 3 9 20 20 20 20 20 20 20 29 3 3 3 3 3 3 3 3 3 3 3 3 20 20 20 3 3 3 3 3 3 3 3 3 3 3 3 3 3 3 3 3 3 3 3 3 7 0 0 
3 3 9 20 20 20 20 20 20 20 7 3 3 3 3 3 3 3 3 3 3 3 3 20 20 20 3 3 3 3 3 3 3 3 3 3 3 3 3 3 3 3 3 3 3 3 3 7 0 0 
3 3 6 4 4 4 4 4 4 4 5 3 3 3 3 3 3 3 3 3 3 3 3 20 20 20 3 3 3 3 3 3 3 3 3 3 3 3 3 3 3 3 3 3 3 3 3 7 0 0 
3 3 3 3 3 3 3 3 3 3 3 3 3 3 3 3 3 3 3 3 3 3 3 20 20 20 3 3 3 3 3 3 3 3 3 3 3 3 3 3 3 3 3 3 3 3 3 7 0 0 
4 4 4 4 4 4 4 4 4 4 4 4 4 4 4 4 4 4 4 4 4 4 4 4 4 4 4 4 4 4 4 4 4 4 4 4 4 4 4 4 4 4 4 4 4 4 4 5 0 0 
0 0 0 0 0 0 0 0 0 0 0 0 0 0 0 0 0 0 0 0 0 0 0 0 0 0 0 0 0 0 0 0 0 0 0 0 0 0 0 0 0 0 0 0 0 0 0 0 0 0 
